-0.0921
-0.0062
0.1838
0.1336
0.2077
0.3807
0.4098
0.5720
0.4211
0.6476
0.5824
0.6226
0.7870
0.7637
0.7743
0.8694
0.8959
0.9477
0.8487
0.7655
1.1072
0.9955
1.0040
1.0719
0.9736
1.0267
1.0282
0.9966
1.0076
1.0045
0.8491
0.9333
0.7945
0.9363
0.8876
0.9343
0.8006
0.7910
0.7594
0.7788
0.6689
0.6829
0.4521
0.3714
0.4213
0.3258
0.2663
0.3679
0.1778
0.1842
0.1905
0.1301
-0.0298
-0.0875
-0.1556
-0.1097
-0.2282
-0.4055
-0.4167
-0.5058
-0.3951
-0.5851
-0.6200
-0.5790
-0.5960
-0.7585
-0.7430
-0.8183
-0.8473
-0.8273
-0.9663
-0.8744
-0.9743
-1.0256
-0.9702
-0.9254
-1.0952
-0.9649
-1.1255
-0.8259
-0.9040
-0.8506
-0.9224
-0.6290
-0.7814
-0.7365
-0.6534
-0.6922
-0.4655
-0.7336
-0.5324
-0.3019
-0.2281
-0.3258
-0.1333
-0.1574
-0.3685
0.0202
0.0136
0.0145
-0.0339
0.1116
0.1748
0.2843
0.2893
0.3330
0.5657
0.5585
0.3648
0.7723
0.8302
0.7952
0.7296
0.8227
0.8030
0.7696
0.9874
0.9343
0.9441
0.9625
0.9752
1.0155
0.9018
1.0330
1.0365
0.8896
0.9794
0.9906
0.8718
0.9070
0.8344
0.7710
0.8337
0.9320
0.8913
0.7736
0.8466
0.5878
0.7060
0.6113
0.6796
0.5913
0.4293
0.3761
0.2880
0.2621
0.3277
0.2413
0.1331
0.1376
-0.0238
0.0356
-0.1504
-0.1378
-0.2783
-0.4216
-0.2788
-0.4716
-0.6198
-0.6909
-0.6240
-0.5139
-0.7033
-0.8435
-0.9425
-0.7494
-0.8738
-0.8930
-0.9330
-1.0660
-1.0426
-0.9759
-1.0526
-1.1362
-1.0138
-1.0348
-1.0447
-1.0054
-0.9780
-0.9828
-0.8892
-1.0719
-1.0302
-0.8884
-0.8164
-0.8211
-0.7623
-0.6900
-0.6541
-0.8084
-0.7968
-0.6510
-0.5376
-0.4864
-0.4638
-0.3149
-0.3150
-0.2277
-0.1554
-0.1198
0.1099
0.1239
0.0550
0.0598
0.0743
0.3286
0.2531
0.3651
0.3094
0.4896
0.5929
0.7258
0.7798
0.6046
0.6605
0.9780
0.8769
0.7509
0.7447
0.9738
0.8289
0.9072
0.9270
0.6953
0.9731
1.0834
0.9454
0.9452
0.9108
0.8706
0.8898
0.8042
0.7404
0.6661
0.7072
0.5745
0.6975
0.8493
0.6216
0.4814
0.5040
0.5348
0.4658
0.3837
0.3218
0.3607
0.0775
0.2700
0.1995
-0.0611
-0.0870
-0.1787
-0.1679
-0.2814
-0.2526
-0.1558
-0.3923
-0.4347
-0.4060
-0.6363
-0.5804
-0.6084
-0.7183
-0.6244
-0.8114
-0.7608
-0.8953
-0.8030
-0.8465
-0.8630
-0.9305
-0.7993
-0.8700
-1.0489
-1.0105
-1.0939
-0.8815
-0.8411
-0.8247
-0.9654
-1.0841
-0.7473
-1.0446
-0.8610
-0.8421
-0.8038
-0.6719
-0.7874
-0.6269
-0.5249
-0.5100
-0.4767
-0.5297
-0.4611
-0.5033
-0.2105
-0.2752
-0.3257
-0.0589
-0.1675
